 1 10 18
 2 4 12 19 22 25
 4 7 10 11 13 14 15 16 22 23 24 27 28
 2 27 28
 0 1 2 4 7 8 9 11 13 14 18 20 21 24 26
 6
 0 2 3 4 5 6 7 8 9 10 11 12 13 14 15 16 17 20 21 22 23 24 25 26 27 28
 2 3 4 5 6 7 8 9 10 11 12 15 17 18 19 21 22 23 24 27 28 29
 0 1 2 3 4 7 8 9 10 12 14 16 18 19 20 21 22 23 24 25 26 27 28 29
 10 24
 0 1 3 4 8 9 10 13 15 16 17 18 19 20 24 25 26 27 28
 1 2 4 5 6 8 9 10 11 14 15 18 19 20 22 25 26 27 29
 1 4 17 22 24 28
 1 2 4 5 6 8 9 10 11 14 15 18 19 20 22 25 26 27 29
 5 8 14 16 20 22 27
 0 1 2 4 5 7 8 9 10 11 12 13 14 17 18 19 20 21 22 23 24 26 27
 2 3 4 6 7 8 9 10 11 12 14 16 17 18 19 21 22 24 25 27 29
 4
 0 2 3 10 11 13 14 15 17 23 28
 1 2 3 4 5 7 8 10 11 13 14 15 16 17 18 19 20 21 22 23 24 26 27 28 29
 0 1 2 5 7 8 9 13 15 18 20 21 22 23 25 27 28 29
 3 5 8 14 16 18 21 22 25
 14 17
 0 1 2 3 5 7 11 12 15 16 19 22 25 26 28 29

 8
 0 2 3 4 6 7 9 10 12 14 17 21 22 24 28 29
 4 6 7 8 13 16 17 18 19 20 21 23 24 28 29
 0 2 3 5 9 10 11 13 14 15 17 19 23
 0 2 17 20

 0 1 2 3 5 7 11 12 13 14 15 17 21 22 25 26 28 29

 2 5 6 8 11 14 16 23
 3 7 8 10 12 15 18 20 22 26 27 28
 0 1 2 4 7 8 9 10 11 12 13 15 16 17 19 20 21 22 23 25 27 29
 9 15 18 19 26


 0 1 2 10 11 15 21 23 24 27 28
 0 2 3 4 5 6 7 8 9 10 11 13 14 17 20 22 24 26 27 29
 3 4 7 10 11 12 13 14 15 16 22 23 24 27 28
 6 7 12 13 14 15 16 20 22 24 26 28
 1 2 3 10 11 12 13 14 15 16 17 19 20 21 22 23 26 29

 0 1 2 3 4 5 6 7 8 9 10 11 12 13 14 15 16 17 18 19 20 21 22 23 24 25 26 27 28 29
 12 13 23 26 28
 0 1 2 3 4 5 6 7 8 9 10 11 12 13 14 15 16 17 18 19 20 21 22 23 24 26 27 28 29
 0 2 3 11 12 14 15 17 18 20 24 28
 0 1 3 4 5 6 7 8 9 10 11 12 13 14 15 17 18 19 20 21 22 24 26 27 28 29
 0 1 2 3 4 5 6 7 8 9 10 11 13 14 15 17 18 19 20 22 23 25 26 27 28 29
 0 2 4 8 10 13 20 21 22 24 26 27 28
 1 2 5 8 10 13 15 16 18 19 23 24 25 26 27 28 29
 0 2 9 10 12 16 17 18 22 23 25 29
 0 1 2 5 7 8 9 12 13 14 15 16 18 20 21 22 23 24 25 27 28 29
 17
 1 2 5 7 8 9 11 13 14 15 16 17 19 20 21 22 23 25 29
 2 3 4 5 7 8 9 11 14 15 17 18 19 21 24 27 28 29

 0 2 3 5 6 7 8 10 12 15 20 21 22 23 24 25 29
 2 5 7 13 15 23 24
 0 2 3 4 5 6 7 8 9 10 11 12 13 14 15 16 17 18 19 20 21 22 23 24 25 26 27 28 29
 0 3 15 23 24 28

 0 1 8 9 11 12 13 14 15 17 18 19 22 25 26 27
 0 1 2 4 5 6 7 9 10 11 12 13 14 15 17 18 19 20 21 22 24 25 26 28 29
 15 18 19 26
 13
 0 1 2 3 4 5 7 8 9 11 12 13 14 15 18 19 20 21 23 24 25 27 28 29
 0 1 2 3 4 5 6 7 8 9 10 11 12 13 14 15 16 17 18 19 20 21 22 24 25 26 27 28 29
 0 1 2 3 4 5 6 7 8 9 10 11 12 13 14 16 18 19 20 21 22 23 25 26 27 28 29
 0 1 2 3 4 5 6 7 8 9 10 11 12 13 14 15 16 17 18 19 20 21 22 24 25 26 27 28 29
 3 11 20 23
 0 1 2 3 4 5 6 7 8 9 10 11 12 15 16 18 21 22 23 24 25 26
 0 2 3 5 7 8 9 10 11 13 14 15 17 19 21 23 24 25 29
 5 8 14 16 20 22 27
 0 1 2 4 5 6 7 8 9 11 13 14 15 16 17 18 19 20 21 22 23 25 27 28 29
 4 5 6 12 16 17 20 29
 0 1 3 4 8 9 10 11 12 13 14 15 17 18 19 20 21 22 24 26 28 29
 1 2 4 5 7 9 11 13 14 19 20 22 23 25 26 27 29
 0 1 2 3 4 5 6 7 8 9 10 11 12 13 14 15 16 17 18 19 20 21 22 23 24 25 26 27 29
 0 1 2 3 4 5 7 8 11 12 15 16 18 20 21 22 23 26 27 29
 0 6 7 11 15 17 25 29
 13
 0 1 2 3 5 7 8 10 13 14 15 16 17 18 19 21 22 24 25 26 27
 2 4 6 7 8 9 10 11 13 15 17 22 24 25 26 28 29
 0 2 3 11 12 14 15 17 18 20 24 28
 8 15
 0 3 6 7 8 9 14 15 16 18 20 22 23 24 27 29
 11 14 20 21
 0 1 2 3 4 5 6 7 8 9 10 11 12 13 14 15 16 17 18 19 20 21 22 23 24 25 26 28 29

 1 2 4 5 7 8 9 10 11 12 13 14 15 16 18 20 22 23 25 27 28 29
 11
 0 1 3 5 6 7 8 9 10 12 13 14 15 17 20 22 26 27 28 29
 28
 8 10 12 16 20 25 26 29
 17
 5 6 8 9 14 15 16 17 18 20 22 28
 0 8 13 15 21 24 27 29
